g[[14]]<-c(1741:1890)
g[[15]]<-c(1891:2082)
g[[16]]<-c(2083:2286)
g[[17]]<-c(2287:2483)
group_training<-list()
group_training[[1]]<-c(1:72)# len:72
group_training[[2]]<-c(73:148)# len:76
group_training[[3]]<-c(149:229)# len:81
group_training[[4]]<-c(230:343)
group_training[[5]]<-c(344:457)
group_training[[6]]<-c(458:559)
group_training[[7]]<-c(560:673)
group_training[[8]]<-c(674:785)
group_training[[9]]<-c(786:897)
group_training[[10]]<-c(898:1009)
group_training[[11]]<-c(1010:1121)
group_training[[12]]<-c(1122:1233)
group_training[[13]]<-c(1234:1345)
group_training[[14]]<-c(1346:1467)
group_training[[15]]<-c(1468:1621)
group_training[[16]]<-c(1622:1813)
group_training[[17]]<-c(1814:1969)
group_test<-list()
group_test[[1]]<-c(1:18) #18
group_test[[2]]<-c(19:37)
group_test[[3]]<-c(38:57)
group_test[[4]]<-c(58:86)
group_test[[5]]<-c(87:116)
group_test[[6]]<-c(117:141)
group_test[[7]]<-c(142:171)
group_test[[8]]<-c(172:199)
group_test[[9]]<-c(200:229)
group_test[[10]]<-c(230:259)
group_test[[11]]<-c(260:288)
group_test[[12]]<-c(289:317)
group_test[[13]]<-c(318:345)
group_test[[14]]<-c(346:373)
group_test[[15]]<-c(374:411)
group_test[[16]]<-c(412:423)
group_test[[17]]<-c(424:464)
